                     module name   input shape  output shape     params memory(MB)          MAdd         Flops  MemRead(B)  MemWrite(B) duration[%]   MemR+W(B)
0                model.conv_stem     3 160 160    16  80  80      432.0       0.39   5,427,200.0   2,764,800.0    308928.0     409600.0       8.45%    718528.0
1                      model.bn1    16  80  80    16  80  80       32.0       0.39     409,600.0     204,800.0    409728.0     409600.0       0.24%    819328.0
2                     model.act1    16  80  80    16  80  80        0.0       0.39     102,400.0     102,400.0    409600.0     409600.0       0.09%    819200.0
3       model.blocks.0.0.conv_dw    16  80  80    16  40  40      144.0       0.10     435,200.0     230,400.0    410176.0     102400.0       0.70%    512576.0
4           model.blocks.0.0.bn1    16  40  40    16  40  40       32.0       0.10     102,400.0      51,200.0    102528.0     102400.0       0.09%    204928.0
5          model.blocks.0.0.act1    16  40  40    16  40  40        0.0       0.10      25,600.0      25,600.0    102400.0     102400.0       0.04%    204800.0
6            model.blocks.0.0.se    16  40  40    16  40  40        0.0       0.10           0.0           0.0         0.0          0.0       0.01%         0.0
7       model.blocks.0.0.conv_pw    16  40  40    16  40  40      256.0       0.10     793,600.0     409,600.0    103424.0     102400.0       0.27%    205824.0
8           model.blocks.0.0.bn2    16  40  40    16  40  40       32.0       0.10     102,400.0      51,200.0    102528.0     102400.0       0.07%    204928.0
9          model.blocks.0.0.act2    16  40  40    16  40  40        0.0       0.10           0.0           0.0         0.0          0.0       0.01%         0.0
10      model.blocks.1.0.conv_pw    16  40  40    72  40  40     1152.0       0.44   3,571,200.0   1,843,200.0    107008.0     460800.0       0.46%    567808.0
11          model.blocks.1.0.bn1    72  40  40    72  40  40      144.0       0.44     460,800.0     230,400.0    461376.0     460800.0       0.33%    922176.0
12         model.blocks.1.0.act1    72  40  40    72  40  40        0.0       0.44     115,200.0     115,200.0    460800.0     460800.0       0.06%    921600.0
13      model.blocks.1.0.conv_dw    72  40  40    72  20  20      648.0       0.11     489,600.0     259,200.0    463392.0     115200.0       7.76%    578592.0
14          model.blocks.1.0.bn2    72  20  20    72  20  20      144.0       0.11     115,200.0      57,600.0    115776.0     115200.0       0.20%    230976.0
15         model.blocks.1.0.act2    72  20  20    72  20  20        0.0       0.11      28,800.0      28,800.0    115200.0     115200.0       0.06%    230400.0
16           model.blocks.1.0.se    72  20  20    72  20  20        0.0       0.11           0.0           0.0         0.0          0.0       0.01%         0.0
17     model.blocks.1.0.conv_pwl    72  20  20    24  20  20     1728.0       0.04   1,372,800.0     691,200.0    122112.0      38400.0       0.15%    160512.0
18          model.blocks.1.0.bn3    24  20  20    24  20  20       48.0       0.04      38,400.0      19,200.0     38592.0      38400.0       0.08%     76992.0
19      model.blocks.1.1.conv_pw    24  20  20    88  20  20     2112.0       0.13   1,654,400.0     844,800.0     46848.0     140800.0       0.20%    187648.0
20          model.blocks.1.1.bn1    88  20  20    88  20  20      176.0       0.13     140,800.0      70,400.0    141504.0     140800.0       0.15%    282304.0
21         model.blocks.1.1.act1    88  20  20    88  20  20        0.0       0.13      35,200.0      35,200.0    140800.0     140800.0       0.04%    281600.0
22      model.blocks.1.1.conv_dw    88  20  20    88  20  20      792.0       0.13     598,400.0     316,800.0    143968.0     140800.0       0.68%    284768.0
23          model.blocks.1.1.bn2    88  20  20    88  20  20      176.0       0.13     140,800.0      70,400.0    141504.0     140800.0       0.15%    282304.0
24         model.blocks.1.1.act2    88  20  20    88  20  20        0.0       0.13      35,200.0      35,200.0    140800.0     140800.0       0.04%    281600.0
25           model.blocks.1.1.se    88  20  20    88  20  20        0.0       0.13           0.0           0.0         0.0          0.0       0.01%         0.0
26     model.blocks.1.1.conv_pwl    88  20  20    24  20  20     2112.0       0.04   1,680,000.0     844,800.0    149248.0      38400.0       0.11%    187648.0
27          model.blocks.1.1.bn3    24  20  20    24  20  20       48.0       0.04      38,400.0      19,200.0     38592.0      38400.0       0.06%     76992.0
28      model.blocks.2.0.conv_pw    24  20  20    96  20  20     2304.0       0.15   1,804,800.0     921,600.0     47616.0     153600.0       0.21%    201216.0
29          model.blocks.2.0.bn1    96  20  20    96  20  20      192.0       0.15     153,600.0      76,800.0    154368.0     153600.0       0.15%    307968.0
30         model.blocks.2.0.act1    96  20  20    96  20  20        0.0       0.15      38,400.0      38,400.0    153600.0     153600.0       0.05%    307200.0
31      model.blocks.2.0.conv_dw    96  20  20    96  10  10      864.0       0.04     163,200.0      86,400.0    157056.0      38400.0       3.54%    195456.0
32          model.blocks.2.0.bn2    96  10  10    96  10  10      192.0       0.04      38,400.0      19,200.0     39168.0      38400.0       0.10%     77568.0
33         model.blocks.2.0.act2    96  10  10    96  10  10        0.0       0.04       9,600.0       9,600.0     38400.0      38400.0       0.03%     76800.0
34           model.blocks.2.0.se    96  10  10    96  10  10        0.0       0.04           0.0           0.0         0.0          0.0       0.01%         0.0
35     model.blocks.2.0.conv_pwl    96  10  10    40  10  10     3840.0       0.02     764,000.0     384,000.0     53760.0      16000.0       0.11%     69760.0
36          model.blocks.2.0.bn3    40  10  10    40  10  10       80.0       0.02      16,000.0       8,000.0     16320.0      16000.0       0.07%     32320.0
37      model.blocks.2.1.conv_pw    40  10  10   240  10  10     9600.0       0.09   1,896,000.0     960,000.0     54400.0      96000.0       0.18%    150400.0
38          model.blocks.2.1.bn1   240  10  10   240  10  10      480.0       0.09      96,000.0      48,000.0     97920.0      96000.0       0.13%    193920.0
39         model.blocks.2.1.act1   240  10  10   240  10  10        0.0       0.09      24,000.0      24,000.0     96000.0      96000.0       0.04%    192000.0
40      model.blocks.2.1.conv_dw   240  10  10   240  10  10     2160.0       0.09     408,000.0     216,000.0    104640.0      96000.0       8.31%    200640.0
41          model.blocks.2.1.bn2   240  10  10   240  10  10      480.0       0.09      96,000.0      48,000.0     97920.0      96000.0       0.17%    193920.0
42         model.blocks.2.1.act2   240  10  10   240  10  10        0.0       0.09      24,000.0      24,000.0     96000.0      96000.0       0.04%    192000.0
43           model.blocks.2.1.se   240  10  10   240  10  10        0.0       0.09           0.0           0.0         0.0          0.0       0.01%         0.0
44     model.blocks.2.1.conv_pwl   240  10  10    40  10  10     9600.0       0.02   1,916,000.0     960,000.0    134400.0      16000.0       0.14%    150400.0
45          model.blocks.2.1.bn3    40  10  10    40  10  10       80.0       0.02      16,000.0       8,000.0     16320.0      16000.0       0.08%     32320.0
46      model.blocks.2.2.conv_pw    40  10  10   240  10  10     9600.0       0.09   1,896,000.0     960,000.0     54400.0      96000.0       0.18%    150400.0
47          model.blocks.2.2.bn1   240  10  10   240  10  10      480.0       0.09      96,000.0      48,000.0     97920.0      96000.0       0.14%    193920.0
48         model.blocks.2.2.act1   240  10  10   240  10  10        0.0       0.09      24,000.0      24,000.0     96000.0      96000.0       0.03%    192000.0
49      model.blocks.2.2.conv_dw   240  10  10   240  10  10     2160.0       0.09     408,000.0     216,000.0    104640.0      96000.0       8.05%    200640.0
50          model.blocks.2.2.bn2   240  10  10   240  10  10      480.0       0.09      96,000.0      48,000.0     97920.0      96000.0       0.17%    193920.0
51         model.blocks.2.2.act2   240  10  10   240  10  10        0.0       0.09      24,000.0      24,000.0     96000.0      96000.0       0.04%    192000.0
52           model.blocks.2.2.se   240  10  10   240  10  10        0.0       0.09           0.0           0.0         0.0          0.0       0.01%         0.0
53     model.blocks.2.2.conv_pwl   240  10  10    40  10  10     9600.0       0.02   1,916,000.0     960,000.0    134400.0      16000.0       0.14%    150400.0
54          model.blocks.2.2.bn3    40  10  10    40  10  10       80.0       0.02      16,000.0       8,000.0     16320.0      16000.0       0.07%     32320.0
55      model.blocks.3.0.conv_pw    40  10  10   120  10  10     4800.0       0.05     948,000.0     480,000.0     35200.0      48000.0       0.13%     83200.0
56          model.blocks.3.0.bn1   120  10  10   120  10  10      240.0       0.05      48,000.0      24,000.0     48960.0      48000.0       0.09%     96960.0
57         model.blocks.3.0.act1   120  10  10   120  10  10        0.0       0.05      12,000.0      12,000.0     48000.0      48000.0       0.03%     96000.0
58      model.blocks.3.0.conv_dw   120  10  10   120  10  10     1080.0       0.05     204,000.0     108,000.0     52320.0      48000.0       4.03%    100320.0
59          model.blocks.3.0.bn2   120  10  10   120  10  10      240.0       0.05      48,000.0      24,000.0     48960.0      48000.0       0.11%     96960.0
60         model.blocks.3.0.act2   120  10  10   120  10  10        0.0       0.05      12,000.0      12,000.0     48000.0      48000.0       0.03%     96000.0
61           model.blocks.3.0.se   120  10  10   120  10  10        0.0       0.05           0.0           0.0         0.0          0.0       0.01%         0.0
62     model.blocks.3.0.conv_pwl   120  10  10    48  10  10     5760.0       0.02   1,147,200.0     576,000.0     71040.0      19200.0       0.11%     90240.0
63          model.blocks.3.0.bn3    48  10  10    48  10  10       96.0       0.02      19,200.0       9,600.0     19584.0      19200.0       0.07%     38784.0
64      model.blocks.3.1.conv_pw    48  10  10   144  10  10     6912.0       0.05   1,368,000.0     691,200.0     46848.0      57600.0       0.15%    104448.0
65          model.blocks.3.1.bn1   144  10  10   144  10  10      288.0       0.05      57,600.0      28,800.0     58752.0      57600.0       0.10%    116352.0
66         model.blocks.3.1.act1   144  10  10   144  10  10        0.0       0.05      14,400.0      14,400.0     57600.0      57600.0       0.03%    115200.0
67      model.blocks.3.1.conv_dw   144  10  10   144  10  10     1296.0       0.05     244,800.0     129,600.0     62784.0      57600.0       4.78%    120384.0
68          model.blocks.3.1.bn2   144  10  10   144  10  10      288.0       0.05      57,600.0      28,800.0     58752.0      57600.0       0.13%    116352.0
69         model.blocks.3.1.act2   144  10  10   144  10  10        0.0       0.05      14,400.0      14,400.0     57600.0      57600.0       0.03%    115200.0
70           model.blocks.3.1.se   144  10  10   144  10  10        0.0       0.05           0.0           0.0         0.0          0.0       0.01%         0.0
71     model.blocks.3.1.conv_pwl   144  10  10    48  10  10     6912.0       0.02   1,377,600.0     691,200.0     85248.0      19200.0       0.12%    104448.0
72          model.blocks.3.1.bn3    48  10  10    48  10  10       96.0       0.02      19,200.0       9,600.0     19584.0      19200.0       0.07%     38784.0
73      model.blocks.4.0.conv_pw    48  10  10   288  10  10    13824.0       0.11   2,736,000.0   1,382,400.0     74496.0     115200.0       0.22%    189696.0
74          model.blocks.4.0.bn1   288  10  10   288  10  10      576.0       0.11     115,200.0      57,600.0    117504.0     115200.0       0.14%    232704.0
75         model.blocks.4.0.act1   288  10  10   288  10  10        0.0       0.11      28,800.0      28,800.0    115200.0     115200.0       0.04%    230400.0
76      model.blocks.4.0.conv_dw   288  10  10   288   5   5     2592.0       0.03     122,400.0      64,800.0    125568.0      28800.0       8.81%    154368.0
77          model.blocks.4.0.bn2   288   5   5   288   5   5      576.0       0.03      28,800.0      14,400.0     31104.0      28800.0       0.16%     59904.0
78         model.blocks.4.0.act2   288   5   5   288   5   5        0.0       0.03       7,200.0       7,200.0     28800.0      28800.0       0.03%     57600.0
79           model.blocks.4.0.se   288   5   5   288   5   5        0.0       0.03           0.0           0.0         0.0          0.0       0.01%         0.0
80     model.blocks.4.0.conv_pwl   288   5   5    96   5   5    27648.0       0.01   1,380,000.0     691,200.0    139392.0       9600.0       0.16%    148992.0
81          model.blocks.4.0.bn3    96   5   5    96   5   5      192.0       0.01       9,600.0       4,800.0     10368.0       9600.0       0.07%     19968.0
82      model.blocks.4.1.conv_pw    96   5   5   576   5   5    55296.0       0.05   2,750,400.0   1,382,400.0    230784.0      57600.0       0.19%    288384.0
83          model.blocks.4.1.bn1   576   5   5   576   5   5     1152.0       0.05      57,600.0      28,800.0     62208.0      57600.0       0.12%    119808.0
84         model.blocks.4.1.act1   576   5   5   576   5   5        0.0       0.05      14,400.0      14,400.0     57600.0      57600.0       0.03%    115200.0
85      model.blocks.4.1.conv_dw   576   5   5   576   5   5     5184.0       0.05     244,800.0     129,600.0     78336.0      57600.0      17.37%    135936.0
86          model.blocks.4.1.bn2   576   5   5   576   5   5     1152.0       0.05      57,600.0      28,800.0     62208.0      57600.0       0.25%    119808.0
87         model.blocks.4.1.act2   576   5   5   576   5   5        0.0       0.05      14,400.0      14,400.0     57600.0      57600.0       0.04%    115200.0
88           model.blocks.4.1.se   576   5   5   576   5   5        0.0       0.05           0.0           0.0         0.0          0.0       0.01%         0.0
89     model.blocks.4.1.conv_pwl   576   5   5    96   5   5    55296.0       0.01   2,762,400.0   1,382,400.0    278784.0       9600.0       0.19%    288384.0
90          model.blocks.4.1.bn3    96   5   5    96   5   5      192.0       0.01       9,600.0       4,800.0     10368.0       9600.0       0.07%     19968.0
91      model.blocks.4.2.conv_pw    96   5   5   576   5   5    55296.0       0.05   2,750,400.0   1,382,400.0    230784.0      57600.0       0.19%    288384.0
92          model.blocks.4.2.bn1   576   5   5   576   5   5     1152.0       0.05      57,600.0      28,800.0     62208.0      57600.0       0.11%    119808.0
93         model.blocks.4.2.act1   576   5   5   576   5   5        0.0       0.05      14,400.0      14,400.0     57600.0      57600.0       0.03%    115200.0
94      model.blocks.4.2.conv_dw   576   5   5   576   5   5     5184.0       0.05     244,800.0     129,600.0     78336.0      57600.0      17.19%    135936.0
95          model.blocks.4.2.bn2   576   5   5   576   5   5     1152.0       0.05      57,600.0      28,800.0     62208.0      57600.0       0.22%    119808.0
96         model.blocks.4.2.act2   576   5   5   576   5   5        0.0       0.05      14,400.0      14,400.0     57600.0      57600.0       0.04%    115200.0
97           model.blocks.4.2.se   576   5   5   576   5   5        0.0       0.05           0.0           0.0         0.0          0.0       0.01%         0.0
98     model.blocks.4.2.conv_pwl   576   5   5    96   5   5    55296.0       0.01   2,762,400.0   1,382,400.0    278784.0       9600.0       0.19%    288384.0
99          model.blocks.4.2.bn3    96   5   5    96   5   5      192.0       0.01       9,600.0       4,800.0     10368.0       9600.0       0.07%     19968.0
100        model.blocks.5.0.conv    96   5   5   576   5   5    55296.0       0.05   2,750,400.0   1,382,400.0    230784.0      57600.0       0.19%    288384.0
101         model.blocks.5.0.bn1   576   5   5   576   5   5     1152.0       0.05      57,600.0      28,800.0     62208.0      57600.0       0.11%    119808.0
102        model.blocks.5.0.act1   576   5   5   576   5   5        0.0       0.05      14,400.0      14,400.0     57600.0      57600.0       0.03%    115200.0
103    model.global_pool.flatten   576   1   1   576   1   1        0.0       0.00           0.0           0.0         0.0          0.0       0.01%         0.0
104       model.global_pool.pool   576   5   5   576   1   1        0.0       0.00           0.0           0.0         0.0          0.0       0.22%         0.0
105              model.conv_head   576   1   1  1024   1   1   590848.0       0.00   1,179,648.0     590,848.0   2365696.0       4096.0       0.47%   2369792.0
106                   model.act2  1024   1   1  1024   1   1        0.0       0.00       1,024.0       1,024.0      4096.0       4096.0       0.03%      8192.0
107                model.flatten     0   0   0     0   0   0        0.0       0.00           0.0           0.0         0.0          0.0       0.00%         0.0
108             model.classifier     0   0   0     0   0   0        0.0       0.00           0.0           0.0         0.0          0.0       0.00%         0.0
109                 _avg_pooling     0   0   0     0   0   0        0.0       0.00           0.0           0.0         0.0          0.0       0.00%         0.0
110                          _fc          1024           143   146575.0       0.00     292,721.0     146,432.0    590396.0        572.0       0.21%    590968.0
total                                                         1166311.0       8.88  55,991,793.0  28,681,504.0    590396.0        572.0     100.00%  21644504.0
===============================================================================================================================================================
Total params: 1,166,311
---------------------------------------------------------------------------------------------------------------------------------------------------------------
Total memory: 8.88MB
Total MAdd: 55.99MMAdd
Total Flops: 28.68MFlops
Total MemR+W: 20.64MB

